0
109
54
546
0
131
391
222
733
847
173
546
847
280
578
32
551
340
0
217
0
71
391
952
466
552
513
868
845
962
3
369
528
957
400
847
306
846
962
271
3
606
0
391
60
88
962
941
372
752
847
251
1
126
309
868
486
814
847
597
400
3
540
546
194
824
3
540
546
524
236
846
922
0
845
922
372
724
3
215
551
858
819
400
847
173
546
847
531
319
211
255
0
174
546
847
159
391
952
466
868
105
3
507
750
783
88
3
540
546
496
372
724
551
111
546
196
847
909
170
584
859
546
847
838
815
400
847
904
194
546
847
0
925
607
738
851
334
858
507
0
546
847
384
745
71
537
3
507
0
853
477
636
551
3
540
0
845
391
941
105
944
341
847
159
71
936
846
922
372
724
3
540
546
122
301
71
648
400
0
936
54
546
847
597
92
907
685
400
805
450
920
517
448
616
938
364
912
847
280
578
436
3
319
0
391
943
858
105
902
334
962
477
636
868
105
3
804
868
847
805
451
636
304
580
703
94
381
71
847
564
911
214
400
805
450
71
899
377
868
243
288
779
622
135
868
105
3
595
688
868
3
907
0
847
845
517
198
391
315
69
298
546
847
416
962
372
436
825
952
105
0
407
546
847
384
71
391
778
243
88
517
281
0
853
477
636
551
3
540
0
131
391
952
466
964
40
8
747
0
0
88
522
670
708
868
273
846
941
155
895
551
862
71
937
430
941
851
0
546
847
204
718
551
520
363
654
156
110
578
551
862
71
537
3
811
400
314
0
88
3
540
546
673
596
780
105
902
334
194
937
308
868
493
848
330
692
833
73
430
150
846
922
431
105
248
400
847
173
546
0
131
391
114
846
847
173
546
709
806
428
3
344
458
643
546
847
164
327
614
71
3
804
868
481
430
952
105
459
402
391
919
868
443
936
553
135
676
69
298
546
846
428
868
858
428
537
3
718
537
3
461
658
71
936
846
428
940
391
135
167
243
0
71
846
428
400
847
865
933
962
488
394
962
942
676
858
670
393
551
862
71
868
847
173
546
847
173
546
0
853
477
636
153
943
858
507
750
325
587
546
847
280
578
3
603
371
109
775
892
334
531
862
400
410
400
65
334
847
173
546
3
963
0
959
483
938
371
109
769
868
213
922
778
134
380
0
484
546
847
173
846
3
338
495
517
965
3
603
371
57
109
633
937
485
597
782
405
523
386
391
952
89
962
400
19
943
847
140
937
428
539
181
333
132
847
280
578
71
551
847
173
546
847
280
654
868
481
720
903
847
173
546
964
639
548
71
847
416
962
719
868
847
159
135
551
847
173
546
841
517
129
938
371
847
159
868
105
3
540
546
637
71
868
714
847
0
846
846
428
672
400
19
943
847
306
846
922
372
0
546
845
962
517
198
391
778
243
0
729
943
430
428
672
400
19
943
847
619
858
578
371
0
853
477
636
391
952
466
868
250
964
96
868
3
811
400
937
858
578
371
179
781
69
418
430
428
847
173
546
0
334
54
546
900
378
85
608
846
847
619
372
23
380
71
296
430
150
846
400
749
876
16
868
276
411
428
3
0
71
539
386
373
428
868
352
110
847
197
552
513
107
847
664
661
0
846
922
136
71
922
372
810
88
303
400
907
485
729
407
405
803
255
847
453
609
587
546
453
957
846
858
428
537
791
3
458
139
71
296
858
428
955
334
53
532
868
105
22
546
202
25
71
883
107
546
567
426
88
847
173
546
0
868
854
321
336
847
173
546
847
280
654
868
714
847
100
758
71
846
428
940
391
952
89
962
868
105
3
249
464
776
569
847
514
397
307
71
868
481
580
618
88
303
400
847
140
937
430
371
36
150
88
261
88
430
0
847
908
518
757
391
952
105
7
868
474
421
847
173
546
858
139
933
922
372
440
0
853
477
636
391
952
58
466
868
845
962
551
847
306
846
922
372
440
964
946
71
846
255
858
325
587
546
847
528
957
847
173
546
836
146
400
567
549
371
407
0
187
853
477
636
522
602
723
371
57
0
391
787
852
85
539
887
322
146
71
553
617
553
852
428
814
533
256
145
937
428
940
391
364
724
107
256
597
378
466
868
105
7
868
714
847
529
876
933
922
85
630
868
858
431
546
294
0
131
391
952
466
552
513
89
962
868
273
846
922
348
3
256
145
0
908
518
610
356
391
135
837
962
551
858
578
0
400
847
508
551
847
667
494
0
943
391
941
391
952
105
274
400
3
0
853
477
636
135
962
837
489
940
858
578
246
537
942
868
847
159
71
751
460
846
430
0
428
940
371
533
52
668
840
109
248
551
858
583
127
785
922
0
428
940
371
57
428
533
374
71
751
163
494
0
428
940
371
57
428
533
323
253
262
400
847
280
578
128
558
847
280
0
428
940
371
852
533
0
428
922
371
847
807
537
109
399
785
0
428
940
85
536
86
0
943
858
764
11
240
846
922
589
460
71
243
537
942
868
0
908
518
476
962
85
672
150
71
922
778
147
936
858
371
26
537
0
131
922
952
58
551
847
159
868
847
173
546
637
71
391
62
142
846
856
941
105
7
868
273
846
922
169
943
847
704
922
568
0
853
477
636
518
258
354
71
391
364
830
671
551
142
557
546
847
908
518
212
574
937
79
400
3
0
546
847
166
773
372
537
404
849
400
847
215
551
847
306
846
856
364
109
228
400
3
0
131
391
952
89
846
856
689
785
846
428
400
0
546
847
671
75
642
695
868
518
212
575
750
420
551
74
545
71
679
868
854
158
937
79
400
847
5
530
551
0
845
517
117
345
922
778
147
0
131
391
114
846
94
631
858
487
764
868
105
0
846
922
778
853
474
421
430
428
868
273
846
858
428
846
391
0
853
477
636
391
952
466
868
443
394
962
952
105
3
150
500
353
569
341
578
858
925
8
567
237
572
871
220
537
868
714
847
87
267
400
410
178
846
847
905
480
400
858
578
372
752
847
87
267
400
410
400
0
572
871
220
537
868
714
847
159
428
305
207
178
847
0
282
858
578
780
767
3
500
785
846
428
847
173
546
847
0
943
846
428
427
546
278
495
812
868
489
868
714
0
60
88
962
372
752
847
787
852
428
305
914
852
428
847
306
3
540
546
3
504
195
400
0
846
922
243
537
443
930
428
367
788
578
780
278
87
651
652
94
847
173
546
0
174
400
76
283
858
578
428
537
634
404
66
847
508
334
877
71
898
215
0
0
853
477
636
847
173
546
847
650
160
750
461
653
334
847
939
462
920
537
3
658
546
847
173
546
847
173
546
280
790
937
920
891
84
132
847
173
546
637
400
770
71
937
920
58
300
15
132
636
650
938
705
381
162
400
381
0
846
858
578
428
397
107
847
159
428
3
121
943
3
540
546
637
400
19
943
847
159
71
853
103
229
858
507
750
615
71
461
653
334
847
531
0
131
391
952
58
466
868
613
569
477
636
551
858
578
916
868
302
432
174
400
743
650
71
847
939
462
430
230
788
44
255
858
819
400
770
71
648
400
770
430
916
552
513
868
714
847
0
787
940
371
57
109
272
865
334
847
159
868
302
432
636
71
334
900
868
108
311
943
430
71
296
430
868
0
466
846
858
268
391
952
466
868
845
962
551
847
173
546
0
770
937
687
846
847
658
105
633
88
261
0
546
847
173
546
858
957
0
937
563
571
847
173
546
637
846
173
113
901
784
868
155
71
677
221
832
266
0
631
900
943
3
233
262
847
159
428
537
942
868
631
858
819
400
937
139
430
780
0
71
466
868
847
636
430
952
537
3
804
868
0
846
71
846
847
159
428
721
132
908
212
574
391
114
846
110
918
430
952
376
394
847
159
191
463
900
443
385
679
430
428
868
631
858
653
88
49
59
578
246
537
942
868
631
858
653
88
793
78
868
0
174
88
522
556
858
760
389
952
396
847
173
546
637
400
432
257
88
3
653
88
261
88
424
69
561
855
69
894
502
937
180
546
482
615
362
98
400
38
546
3
804
171
847
160
750
653
3
925
260
0
71
537
3
925
260
88
364
109
49
0
106
400
505
846
847
461
653
941
105
274
400
314
788
922
191
335
847
215
785
551
847
531
210
567
148
941
375
8
430
428
847
159
71
551
847
159
71
391
941
533
472
372
868
951
0
88
522
360
516
846
428
3
578
428
679
868
469
215
71
696
852
952
105
533
437
932
334
858
578
71
391
114
846
428
847
159
428
679
868
243
788
922
814
372
865
868
714
847
561
50
119
578
71
847
159
71
648
400
3
244
937
342
567
257
868
567
0
391
546
847
173
546
847
173
546
847
173
546
280
578
71
937
962
372
498
428
400
636
650
159
302
432
461
653
551
923
405
432
660
33
697
107
566
922
135
320
568
400
3
576
787
551
847
306
846
858
428
533
842
551
847
564
546
847
173
551
847
159
952
105
225
381
736
868
801
400
858
578
32
551
847
564
365
852
952
105
3
215
551
3
697
933
391
941
533
645
445
546
847
215
551
937
430
0
391
853
477
636
391
952
89
962
868
273
846
847
159
302
432
556
551
847
578
71
846
922
778
648
868
0
937
80
341
847
0
853
477
636
391
680
62
672
93
94
517
101
200
750
615
71
847
306
846
858
428
539
91
334
858
431
868
105
665
551
0
845
517
101
199
962
929
889
868
714
847
173
546
637
0
131
391
243
537
203
858
430
368
341
865
868
273
846
597
767
794
868
0
845
517
390
721
962
551
0
174
546
847
173
546
637
922
364
69
0
394
522
360
920
56
400
42
930
962
85
0
846
922
851
937
430
428
0
60
845
962
443
259
143
371
847
753
540
546
917
88
381
360
0
787
391
920
3
215
551
858
653
88
391
857
847
173
546
847
915
920
0
917
868
669
88
3
0
846
858
490
846
428
847
192
943
847
173
546
847
887
496
0
131
546
196
856
243
537
3
963
0
106
400
50
554
964
360
516
846
922
778
648
88
962
372
0
334
54
546
847
565
929
546
3
231
556
846
428
0
131
391
780
539
466
868
157
551
847
0
846
922
372
174
400
847
159
71
400
743
650
71
537
3
232
647
88
287
446
847
905
480
546
847
360
546
847
173
546
637
400
743
650
71
0
846
391
114
386
846
847
161
817
605
527
868
105
216
945
3
656
646
337
537
554
551
847
173
546
69
559
811
378
400
847
280
578
131
58
551
847
173
546
3
244
937
428
672
132
847
159
71
937
226
858
653
334
847
0
787
846
428
533
0
546
847
159
941
631
858
653
334
847
957
0
0
846
922
372
752
907
927
394
847
159
428
537
942
868
714
847
461
917
88
261
88
434
851
922
778
243
430
0
846
922
364
865
0
71
334
54
922
243
537
942
868
669
943
847
159
394
94
54
621
922
114
846
847
159
71
578
916
868
714
847
0
539
846
922
400
578
58
372
3
828
742
943
700
868
847
159
71
922
243
537
942
868
669
943
288
937
156
569
546
0
131
391
952
466
900
868
105
7
868
105
3
681
68
546
628
334
847
215
551
847
461
653
400
0
845
962
136
629
394
962
271
3
811
400
847
578
71
372
533
392
546
0
71
846
428
930
391
952
686
0
71
846
428
522
360
846
847
159
428
58
466
868
858
487
0
71
922
382
847
215
551
847
161
461
653
895
868
847
957
0
400
314
0
71
391
114
846
847
159
941
48
551
3
653
110
851
937
430
941
659
868
900
0
71
846
428
847
753
865
400
314
922
58
551
847
215
551
847
161
461
653
334
847
0
546
400
306
846
847
619
85
176
58
827
846
922
58
382
847
215
551
123
654
872
846
428
940
522
360
324
707
847
658
478
132
847
0
937
80
341
847
0
853
477
636
391
952
466
868
481
430
907
150
846
428
54
847
159
371
10
730
334
847
173
546
858
578
71
67
859
847
220
277
0
846
391
853
730
931
578
0
187
131
391
952
58
466
868
481
430
907
150
846
636
650
478
3
804
868
858
431
868
105
3
528
215
88
517
101
199
371
712
900
937
952
105
400
28
868
847
72
215
551
847
160
750
461
653
334
847
124
86
546
628
334
847
531
328
960
846
428
868
754
846
0
853
477
636
391
952
466
868
273
846
847
50
678
400
770
241
858
215
551
847
72
632
546
847
160
750
0
131
391
952
58
466
868
273
846
847
159
428
186
71
679
868
631
847
215
934
430
428
186
71
846
922
929
889
868
243
788
858
653
88
391
364
49
562
551
847
306
846
391
952
105
633
847
653
110
400
3
804
868
0
391
853
477
636
391
952
466
868
273
846
847
159
371
54
847
817
605
546
847
531
328
960
71
933
578
219
0
858
925
394
846
428
847
957
0
922
85
630
868
155
71
551
847
508
334
847
531
328
960
71
531
511
847
508
334
194
846
428
930
922
364
0
853
477
636
391
135
375
3
540
546
455
341
0
131
391
920
873
846
452
761
546
847
789
360
929
58
466
868
631
858
431
832
547
847
46
107
94
847
597
551
847
173
546
637
533
915
920
684
341
847
789
360
546
496
546
847
789
360
731
334
0
131
922
243
537
443
936
858
578
428
187
131
847
789
360
952
400
937
139
105
358
394
858
431
929
713
107
578
371
30
858
429
777
0
677
922
372
537
109
36
45
3
540
546
0
71
846
428
940
522
360
516
846
858
431
105
832
547
0
546
845
962
0
846
922
778
539
375
517
956
802
45
0
853
477
636
391
952
58
466
868
613
569
517
612
750
449
546
471
373
371
57
109
769
868
847
173
546
847
173
546
280
790
107
856
928
99
551
3
220
832
400
3
599
150
846
94
847
173
546
637
71
539
373
428
247
436
0
846
922
114
846
487
71
922
929
890
943
847
173
546
847
159
71
0
60
88
522
317
144
941
683
391
282
498
846
852
428
537
3
540
546
444
936
553
920
334
558
45
847
869
835
131
546
936
553
208
868
375
930
847
159
71
847
192
860
0
943
846
428
537
3
804
0
131
391
853
717
847
306
846
847
559
670
546
847
159
71
847
192
780
105
735
788
846
922
135
320
569
552
71
334
54
847
173
546
854
887
120
701
847
140
937
428
710
509
131
391
952
105
3
150
500
868
664
556
584
43
847
173
546
316
347
132
847
173
546
847
0
846
922
778
648
868
157
551
847
625
361
750
723
846
847
559
670
546
847
869
835
105
944
341
0
858
578
71
847
192
943
0
917
868
0
917
45
71
0
853
477
636
391
952
466
868
845
517
611
334
39
0
546
845
962
0
853
477
636
371
522
915
109
193
391
920
889
868
915
265
785
391
243
537
791
0
88
522
915
920
400
0
729
407
394
922
382
847
887
496
938
372
223
850
851
847
173
546
847
159
952
0
853
477
636
847
159
371
57
223
847
173
546
0
787
846
428
533
744
0
853
477
636
551
847
260
915
0
71
391
941
6
132
964
748
551
858
487
0
71
847
173
546
847
817
605
546
847
159
391
114
846
391
952
466
868
801
400
38
546
847
215
551
111
546
847
360
846
230
0
131
391
952
81
430
394
551
847
173
546
858
431
546
130
391
952
105
7
868
349
69
298
546
915
551
111
546
0
846
846
428
69
397
487
430
952
105
902
334
847
173
546
847
159
868
809
385
597
598
930
922
372
436
248
400
847
173
546
848
573
0
853
477
636
391
243
537
942
868
714
847
215
131
391
952
58
90
334
847
159
868
157
551
517
101
0
845
962
230
537
134
0
131
391
857
858
428
847
159
371
57
109
832
547
847
159
428
367
788
463
900
457
847
0
131
391
62
839
798
517
390
71
517
198
391
243
537
762
962
719
0
391
282
788
391
857
847
619
85
672
150
71
922
941
105
274
400
0
865
846
922
382
847
508
334
870
750
786
874
851
76
496
938
371
847
619
372
537
109
297
151
272
488
89
0
846
858
431
868
489
868
105
3
0
54
546
196
847
508
334
870
750
786
941
831
421
21
76
0
131
391
857
858
428
3
118
792
844
649
539
868
305
866
299
0
845
517
198
517
390
952
858
105
7
0
853
477
636
551
847
915
691
188
385
522
360
916
391
243
537
71
136
541
0
407
394
964
748
428
940
922
136
349
69
298
546
130
391
114
846
131
0
846
922
778
594
583
96
868
847
173
546
847
508
88
922
778
243
0
407
394
856
243
537
657
696
847
619
36
851
922
488
187
849
0
546
847
173
546
130
920
36
0
334
751
41
334
847
173
546
0
546
847
531
431
428
847
718
4
132
517
447
551
111
546
847
215
551
702
614
881
71
878
551
847
164
618
36
132
847
192
943
3
804
868
105
3
280
578
71
192
234
551
847
173
546
289
726
334
751
41
334
847
173
546
207
355
132
740
674
558
414
921
133
0
853
477
636
391
136
71
243
537
13
847
306
846
922
375
285
513
339
546
18
141
479
206
551
567
741
131
58
551
567
675
71
243
537
791
131
94
456
585
107
859
425
243
537
13
847
173
546
207
355
772
272
558
107
0
88
3
540
546
395
558
3
540
546
915
551
847
173
546
847
254
558
565
731
334
847
904
906
0
3
506
17
371
54
876
550
108
3
0
60
88
69
97
391
814
372
3
913
497
88
391
114
922
778
243
546
847
140
937
190
788
485
388
470
453
957
400
847
834
886
935
821
948
868
714
847
173
546
847
140
937
364
109
228
400
858
323
185
334
485
512
94
0
546
847
715
655
937
454
334
512
205
547
858
397
746
119
847
159
71
799
0
546
847
140
937
308
868
105
242
107
546
858
428
847
173
546
485
861
546
637
400
847
159
868
